Exact: 1 0 1 1 1 0 1 0 1 1 1 1 0 1 0 1 1 1 1 0 1 0 1 1 1
Exact: 0 0 0 0 0 1 0 1 0 0 0 0 1 1 1 0 1 1 0 0 0 1 1 0 0
Exact: 1 1 0 1 1 1 1 1 1 1 1 1 1 1 1 1 1 1 1 1 1 1 1 1 1
Exact: 0 0 0 1 0 1 0 1 1 0 1 0 1 0 0 1 1 0 0 0 1 0 0 0 1
Exact: 1 0 0 1 0 0 0 1 1 0 1 0 1 1 1 1 0 1 1 1 1 1 1 1 0
Exact: 0 1 0 0 1 0 0 1 1 0 0 1 0 0 1 0 1 0 1 0 0 1 1 1 1
Exact: 0 0 0 0 1 1 1 0 0 0 0 1 0 0 0 0 0 1 1 0 0 0 0 1 0
Exact: 1 1 1 0 1 1 1 1 1 1 1 1 1 1 1 1 1 1 1 1 1 0 1 0 1
Exact: 1 1 1 1 1 0 0 0 1 1 0 0 0 0 0 1 1 1 1 1 0 0 1 1 1
Exact: 0 0 0 1 1 0 1 0 1 0 0 1 0 0 1 1 1 1 1 1 0 1 0 0 0
